Ульянов_Николай_Сергеевич 77 77 77
Ульянов_Николай_Сергеевич 77 77 77
Ульянов_Николай_Сергеевич 77 77 77
Ульянов_Николай_Сергеевич 77 77 77
Ульянов_Николай_Сергеевич 77 77 77
Ульянов_Николай_Сергеевич 77 77 77
Ульянов_Николай_Сергеевич 77 77 77
Ульянов_Николай_Сергеевич 77 77 77
Ульянов_Николай_Сергеевич 77 77 77
Ульянов_Николай_Сергеевич 77 77 77
Ульянов_Николай_Сергеевич 77 77 77
Ульянов_Николай_Сергеевич 77 77 77
Ульянов_Николай_Сергеевич 77 77 77
Ульянов_Николай_Сергеевич 77 77 77
Ульянов_Николай_Сергеевич 77 77 77
Ульянов_Николай_Сергеевич 77 77 77
Ульянов_Николай_Сергеевич 77 77 77
Ульянов_Николай_Сергеевич 77 77 77
Ульянов_Николай_Сергеевич 77 77 77
Ульянов_Николай_Сергеевич 77 77 77
